-4983
1628
-3472
-2520
-4007
1708
-3708
-1996
-1415
1796
-3664
-1300
901
1688
-3416
-588
1893
1504
-2980
88
2293
1516
-2300
828
3561
1900
-1284
1716
6129
2548
56
2616
8769
3160
1556
3328
9869
3528
2992
3792
9049
3708
4276
4132
7685
3892
5440
4556
7481
4176
6500
5076
8741
4500
7324
5500
10053
4696
7760
5644
9701
4700
7740
5496
7465
4568
7388
5220
5005
4468
6968
4984
4085
4488
6624
4744
4877
4596
6412
4408
5873
4724
6300
3964
5577
4780
6268
3552
4053
4720
6320
3312
2669
4556
6344
3200
2461
4280
6172
3044
