10853
3384
2040
2380
9445
3968
2376
2728
8557
4692
3116
2944
7789
5344
4024
3072
6585
5832
4776
3108
4789
6248
5256
3096
2749
6748
5624
3136
1109
7348
6092
3392
397
7880
6704
3936
577
8188
7312
4640
877
8196
7756
5248
397
7956
8024
5576
-1091
7612
8196
5640
-2743
7280
8368
5580
-3339
6992
8488
5460
-2459
6748
8436
5264
-947
6472
8200
4896
-191
6100
7888
4384
-751
5604
7592
3836
-1887
5000
7296
3300
-2231
4340
6920
2784
-1095
3724
6360
2236
1053
3216
5720
1676
3201
2784
5160
1276
4681
2392
4812
1116
