-14567
2408
6092
-528
-14819
2144
5880
-580
-16059
1924
5260
-740
-17679
1732
4200
-980
-18891
1576
2956
-1176
-19495
1400
1864
-1292
-19787
1216
976
-1396
-19947
1036
60
-1584
-19555
880
-1140
-1852
-17971
764
-2536
-2128
-15091
692
-3672
-2324
-11655
640
-4128
-2464
-8583
648
-3908
-2624
-6055
752
-3348
-2888
-3491
960
-2776
-3224
-235
1272
-2232
-3460
3621
1604
-1604
-3444
7285
1888
-852
-3080
10033
2112
-112
-2464
11821
2328
492
-1756
13105
2580
956
-1044
14133
2824
1380
-344
14617
2964
1760
396
14121
3008
1968
1160
12645
3084
1992
1840
